0.0
0.0
0.5
0.75
0.5625
0.53125
0.546875
0.546875
0.5546875
0.587890625
0.0
0.0
0.5
0.5
0.375
0.53125
0.59375
0.0
0.0
0.5
0.5
0.4375
0.5
0.5625
0.5546875
0.56640625
0.5390625
0.552734375
0.58837890625
0.0
0.0
0.5
0.625
0.625
0.59375
0.5625
0.5546875
0.55859375
0.59375
0.0
0.0
0.5
0.625
0.5625
0.53125
0.546875
0.5390625
0.55078125
0.587890625
0.564453125
0.0
0.0
0.5
0.625
0.625
0.59375
0.5625
0.5546875
0.55859375
0.59375
0.6064453125
0.0
0.0
0.25
0.375
0.5625
0.4375
0.515625
0.625
0.62109375
0.65625
0.0
0.0
0.25
0.375
0.5625
0.4375
0.515625
0.625
0.62109375
0.65625
0.0
0.0
0.25
0.375
0.5625
0.4375
0.515625
0.625
0.62109375
0.65625
0.0
0.0
0.5
0.375
0.5625
0.5
0.546875
0.640625
0.6484375
0.67578125
0.0
0.0
0.25
0.25
0.375
0.4375
0.5
0.4921875
0.53515625
0.580078125
0.56640625
0.0
0.0
0.25
0.25
0.375
0.4375
0.5
0.4921875
0.53515625
0.580078125
0.56640625
0.0
0.0
0.25
0.625
0.5
0.53125
0.59375
0.5078125
0.6015625
0.640625
0.0
0.5
0.25
0.25
0.375
0.5
0.59375
0.5703125
0.61328125
0.623046875
0.0
0.5
0.25
0.25
0.375
0.5
0.59375
0.5703125
0.61328125
0.623046875
0.0
0.0
0.25
0.625
0.5
0.53125
0.59375
0.5078125
0.6015625
0.640625
0.6533203125
0.0
0.5
0.5
0.625
0.5625
0.59375
0.65625
0.671875
0.65625
0.62109375
0.5927734375
0.0
0.5
0.25
0.375
0.4375
0.53125
0.609375
0.6484375
0.63671875
0.583984375
0.5947265625
0.0
0.0
0.25
0.5
0.5
0.53125
0.609375
0.53125
0.62890625
0.65625
0.0
0.5
0.25
0.25
0.375
0.5
0.59375
0.5703125
0.61328125
0.623046875
0.6611328125
0.0
0.0
0.25
0.625
0.5
0.53125
0.59375
0.5078125
0.6015625
0.640625
0.6533203125
0.0
0.5
0.75
0.625
0.625
0.625
0.59375
0.5078125
0.58984375
0.625
0.6279296875
0.0
0.5
0.75
0.625
0.625
0.625
0.59375
0.5234375
0.59765625
0.62890625
0.0
0.0
0.25
0.625
0.5
0.53125
0.59375
0.5078125
0.6015625
0.640625
0.6533203125
0.0
0.0
0.25
0.625
0.5
0.53125
0.59375
0.5078125
0.6015625
0.0
0.0
0.25
0.625
0.5
0.53125
0.59375
0.5078125
0.6015625
0.640625
0.6533203125
0.0
0.0
0.5
0.5
0.5625
0.53125
0.5625
0.609375
0.62890625
0.634765625
0.6376953125
0.0
0.0
0.0
0.375
0.5625
0.625
0.609375
0.6171875
0.625
0.638671875
0.673828125
0.0
0.0
0.0
0.5
0.5625
0.625
0.625
0.609375
0.6171875
0.625
0.6669921875
0.0
0.0
0.5
0.625
0.625
0.5625
0.5625
0.59375
0.6015625
0.6171875
0.0
0.5
0.75
0.75
0.75
0.59375
0.59375
0.6171875
0.62109375
0.611328125
0.6318359375
0.0
0.5
0.25
0.5
0.625
0.625
0.59375
0.59375
0.609375
0.62890625
0.0
0.5
0.75
0.625
0.6875
0.5625
0.609375
0.625
0.64453125
